Number of Matrix	Parallel TSP cost	Parallel cycle
0	1902	4 42 61 22 91 83 54 26 46 89 73 0 67 50 37 44 81 16 86 25 38 96 78 92 51 79 2 28 13 64 60 17 74 14 62 34 8 71 36 21 47 15 94 39 70 31 20 29 77 95 10 66 76 90 12 35 87 80 3 49 68 56 58 48 97 53 52 30 9 88 93 27 7 19 63 23 55 65 24 59 41 57 6 72 1 32 5 18 33 43 84 69 82 11 40 45 85 98 75 
1	1642	0 98 23 82 24 54 66 29 6 64 58 28 37 85 31 96 92 67 78 11 18 87 62 10 32 59 86 81 33 4 20 93 21 83 70 69 56 51 3 34 79 25 7 43 49 84 77 91 2 46 48 95 35 97 57 38 26 36 41 42 80 19 1 22 39 16 8 72 14 15 60 68 47 12 40 71 13 53 50 76 45 17 65 73 55 94 5 44 90 63 89 61 74 30 9 52 27 75 88 
2	1562	2 60 68 53 66 36 97 30 37 82 57 88 44 46 42 12 24 4 61 18 43 76 80 29 69 65 33 28 83 15 26 84 1 47 34 23 5 92 55 73 72 87 0 38 40 89 21 6 90 19 58 14 75 25 59 32 41 16 31 9 17 94 39 8 48 78 13 98 91 52 27 86 49 45 62 7 63 64 71 81 20 95 67 50 51 54 35 3 56 93 77 96 11 85 74 10 79 22 70 
3	1485	0 70 95 52 97 30 96 19 41 90 76 39 50 54 37 85 23 61 48 16 38 42 5 73 40 36 31 34 33 7 91 29 47 10 74 93 27 81 25 75 79 6 3 35 94 21 43 83 59 65 80 72 14 11 58 17 12 8 4 45 78 89 18 67 2 26 44 49 51 77 60 32 55 28 13 56 15 46 68 63 64 57 9 20 24 86 82 1 98 62 66 87 71 69 84 53 22 88 92 
4	1521	0 19 94 83 51 49 90 50 92 42 64 15 78 79 40 68 35 22 80 81 66 45 65 44 74 88 82 33 57 18 85 55 76 96 75 36 73 34 47 60 28 25 16 72 58 13 84 37 9 5 21 4 62 53 27 71 43 52 95 10 29 87 23 39 56 46 59 41 14 63 48 7 54 24 3 61 26 89 32 11 12 20 17 91 1 77 69 67 31 97 30 70 8 38 93 2 6 86 98 
5	1322	3 65 71 17 11 22 10 26 88 82 16 95 52 23 77 86 34 66 5 67 81 94 93 54 53 41 49 4 12 63 13 27 84 15 92 9 57 21 1 31 56 24 32 14 60 2 72 50 48 19 78 28 8 70 43 44 89 33 69 91 85 7 51 97 61 38 20 35 58 64 0 29 30 80 40 59 36 79 18 74 75 96 83 39 25 42 37 76 73 98 47 62 55 68 90 6 46 87 45 
6	1851	0 21 67 17 91 18 86 81 88 19 20 11 33 31 23 92 71 75 1 27 94 96 5 66 85 89 12 57 83 9 77 60 65 80 34 68 10 53 72 16 32 97 41 55 69 7 15 47 93 90 36 63 46 73 98 51 70 76 64 25 30 3 61 62 82 52 79 14 49 84 29 38 43 24 40 4 39 95 35 50 56 87 8 44 74 54 28 58 42 2 13 22 78 37 48 26 59 6 45 
7	1437	0 8 55 70 47 82 4 18 93 89 76 73 84 46 21 65 10 26 57 2 88 7 78 67 45 59 33 34 29 16 77 91 80 92 9 69 1 3 13 5 49 50 38 62 60 52 72 14 61 66 58 51 17 54 28 20 12 32 98 68 95 35 15 37 41 48 30 79 19 96 53 86 27 71 87 83 24 44 36 25 90 23 6 56 22 75 39 85 64 74 40 94 31 42 43 97 81 63 11 
8	1620	0 21 88 56 41 71 77 39 19 25 75 53 85 36 70 96 58 10 76 6 90 32 12 91 49 87 74 15 30 66 3 92 78 84 8 42 22 38 82 93 80 64 68 81 97 86 46 7 67 28 17 50 43 51 94 61 83 54 13 33 1 59 95 65 60 72 62 24 44 9 55 14 29 52 40 69 79 5 4 47 20 34 2 11 57 26 37 35 89 16 45 18 98 63 73 48 31 27 23 
9	1576	0 91 74 69 24 81 45 77 82 95 14 29 25 8 92 37 40 35 36 12 20 26 54 63 88 94 62 86 5 21 73 31 42 85 6 96 9 15 27 1 55 71 84 76 58 68 33 80 7 22 16 30 64 48 87 47 93 44 34 56 98 2 41 39 66 90 89 4 53 65 18 67 51 57 17 97 83 43 49 46 79 59 11 23 50 28 72 13 78 10 60 52 70 61 38 3 32 75 19 
10	1768	1 6 39 64 61 57 88 35 9 49 5 65 30 45 74 51 89 18 67 76 87 80 12 83 55 72 22 69 0 36 25 24 42 68 37 11 56 63 8 28 79 53 81 27 50 96 98 13 43 94 14 19 82 40 73 47 54 3 10 16 70 31 4 85 15 97 93 92 2 59 62 60 33 32 71 20 66 29 58 77 17 44 90 38 34 78 23 7 26 48 95 75 86 52 91 21 84 46 41 
11	1770	0 76 1 3 45 62 37 40 28 30 77 79 69 68 72 36 73 59 97 78 43 91 19 39 23 13 35 95 9 84 85 70 25 4 93 46 71 31 98 57 14 82 54 15 7 94 55 51 22 86 50 49 26 65 11 12 74 21 42 64 32 83 44 18 66 29 8 17 56 75 52 81 41 61 90 2 47 10 24 96 5 34 63 6 60 89 38 20 87 88 48 33 58 27 16 67 80 92 53 
12	1603	0 89 86 6 56 20 96 53 61 9 1 49 46 57 41 54 60 11 2 32 73 15 76 81 38 69 25 5 3 84 58 64 88 66 93 16 4 74 34 71 44 18 50 14 13 55 45 37 33 70 87 80 77 92 27 48 7 91 78 79 52 63 22 98 28 68 97 10 47 36 43 19 39 29 26 42 21 67 85 95 65 12 83 35 82 90 23 94 51 8 62 72 59 24 30 40 75 17 31 
13	1718	0 48 77 35 25 29 28 69 58 60 79 14 83 2 16 98 4 8 3 81 43 70 74 64 44 88 40 19 1 90 57 12 39 63 89 33 73 71 50 32 52 9 20 75 13 87 26 86 38 22 92 54 21 55 84 42 5 24 53 30 80 65 45 82 10 7 62 47 85 11 46 78 59 18 34 31 94 93 15 56 6 23 17 49 68 61 91 76 37 67 51 95 41 27 36 72 96 66 97 
14	1806	0 24 63 50 74 30 76 94 16 57 56 48 17 59 39 81 62 89 6 42 67 19 98 31 22 52 36 40 70 49 86 37 66 88 84 29 87 77 20 23 32 5 43 72 11 38 75 33 12 54 96 93 58 25 44 35 79 92 90 61 85 1 71 15 28 64 41 7 80 14 46 97 2 68 9 3 10 8 60 69 26 47 83 18 95 73 82 21 53 13 91 78 65 51 4 34 55 27 45 
15	1503	0 87 7 33 10 69 73 94 88 50 76 85 12 31 81 35 24 72 74 67 90 13 34 78 39 56 14 89 95 53 79 4 80 97 37 62 83 92 61 29 68 42 47 28 9 46 86 71 77 98 16 22 54 17 3 1 75 91 51 66 63 55 23 38 18 41 25 15 82 52 60 96 11 59 43 19 5 20 26 57 8 40 2 32 21 84 30 44 65 36 27 49 64 6 93 58 48 45 70 
16	1866	0 83 69 13 19 51 34 90 70 91 50 86 60 20 95 94 68 61 78 64 75 12 77 63 73 7 57 87 26 41 42 54 45 2 76 66 62 67 89 49 96 55 1 98 25 29 3 84 79 22 14 72 74 18 38 17 4 59 65 9 37 71 36 85 88 30 6 27 28 11 52 40 92 46 53 56 58 23 24 39 43 81 35 44 97 16 93 10 80 5 15 48 8 47 21 31 33 82 32 
17	1417	0 26 52 5 21 86 13 58 71 25 91 30 47 2 62 29 44 76 97 69 42 17 19 83 33 88 79 60 85 40 10 36 90 11 23 98 74 57 95 61 18 93 72 77 43 84 35 3 24 70 16 1 34 37 28 73 96 38 9 14 59 75 53 7 64 68 66 41 6 4 63 51 32 87 81 8 94 67 89 46 48 80 65 45 31 78 12 15 20 22 56 27 92 49 82 54 55 50 39 
18	1817	0 79 97 18 71 77 87 34 83 30 10 55 50 48 95 75 84 7 47 33 80 91 89 1 6 23 14 21 32 16 24 46 12 57 3 61 45 27 38 17 26 94 41 13 90 70 73 11 58 85 81 59 28 44 4 63 25 88 36 29 64 86 35 92 76 67 60 96 31 66 43 51 9 15 68 37 49 98 53 19 56 78 74 2 72 82 69 40 93 54 62 39 65 5 52 22 42 8 20 
19	1803	0 71 21 70 14 69 38 7 45 89 4 84 68 83 59 18 50 44 2 26 52 91 28 5 1 74 30 15 62 75 77 32 81 23 43 95 42 79 12 22 80 9 3 65 53 67 13 66 78 39 85 86 93 24 8 64 34 97 29 17 48 36 35 63 16 11 96 49 20 41 60 19 90 54 82 10 76 56 57 73 31 47 55 94 27 33 51 25 58 72 40 6 87 46 92 98 37 88 61 
20	1650	2 22 63 80 26 77 55 30 50 23 33 92 28 97 66 36 49 76 83 86 32 78 98 82 54 73 27 38 79 4 70 56 52 61 89 24 71 51 11 18 9 47 62 10 16 13 68 43 45 46 67 17 57 8 29 3 15 53 42 40 88 84 20 6 19 1 7 34 69 41 44 93 31 81 60 90 95 91 35 58 72 39 94 96 21 0 75 5 65 25 37 87 12 14 74 48 64 59 85 
21	1604	0 9 45 5 28 63 54 85 79 14 33 7 70 27 1 83 91 35 56 31 84 8 81 49 20 98 2 57 72 87 10 90 36 59 71 64 55 76 39 68 32 26 34 23 13 25 66 96 12 88 65 21 44 58 60 67 3 94 22 86 41 73 17 80 24 77 29 82 18 48 78 38 4 97 95 93 47 74 11 61 51 15 30 40 69 89 37 53 92 42 46 43 16 50 75 52 19 62 6 
22	1769	0 49 50 58 53 73 38 46 27 80 83 29 65 57 41 93 44 17 55 78 67 37 75 16 87 62 13 39 64 28 60 54 92 5 94 1 85 42 69 89 10 90 40 91 32 66 26 24 2 63 71 20 95 6 74 82 72 9 4 86 81 84 97 88 31 25 14 15 21 7 79 34 68 23 19 45 36 30 61 51 70 11 43 59 47 76 22 18 96 48 56 3 35 12 33 77 98 52 8 
23	1585	1 40 37 38 13 91 39 3 66 15 62 48 67 29 12 73 92 77 57 89 28 85 69 75 9 97 24 88 52 27 87 11 93 25 79 4 36 10 78 30 20 68 83 82 0 96 17 60 42 53 41 7 61 80 33 22 32 5 76 54 19 98 46 14 64 35 50 95 58 23 51 2 63 31 70 18 43 59 6 86 49 21 55 94 56 71 65 72 8 84 45 44 81 16 90 34 26 47 74 
24	1696	0 19 87 30 40 12 24 29 37 75 16 17 84 15 47 90 95 52 43 86 44 56 48 7 60 72 32 1 3 10 38 89 11 31 65 71 53 81 54 76 50 23 96 73 78 6 2 35 21 13 59 63 18 58 91 85 82 88 70 69 92 46 83 62 77 57 79 25 34 41 64 14 36 67 55 27 66 26 5 4 33 98 61 97 68 9 51 93 49 28 94 74 22 39 8 42 45 80 20 
25	1605	1 40 54 61 91 3 65 45 58 41 53 78 38 25 77 87 80 6 95 12 98 0 36 96 59 27 81 14 9 90 44 51 2 75 48 20 55 30 86 46 62 37 7 68 84 42 11 66 31 5 57 49 35 47 60 4 70 67 17 22 16 33 18 89 34 24 88 28 23 19 83 94 97 64 15 72 76 69 39 93 73 21 8 29 26 52 63 85 43 32 74 13 10 79 56 92 50 71 82 
26	1827	0 34 62 76 50 45 83 49 32 79 13 53 61 64 95 20 94 97 26 89 54 7 74 82 35 43 48 69 93 15 2 98 78 86 18 68 23 30 80 70 71 19 52 91 16 47 37 87 10 33 46 24 9 90 44 81 12 66 14 8 21 77 60 31 63 57 25 11 29 75 55 58 96 41 36 92 59 72 5 84 51 65 40 28 3 85 27 4 1 88 6 22 17 42 73 56 38 39 67 
27	1469	0 1 12 47 77 55 34 19 73 20 10 30 24 35 67 83 54 59 49 26 75 93 18 58 87 25 15 38 74 97 79 42 23 63 46 89 2 95 32 13 45 50 51 52 91 8 72 29 11 68 3 60 64 80 70 14 27 41 9 21 48 33 86 85 31 88 78 44 7 53 28 57 17 94 37 84 96 81 90 4 61 92 39 65 36 98 56 16 40 6 76 22 69 82 66 5 71 62 43 
28	1750	0 89 54 79 66 29 96 49 86 39 83 18 22 50 44 21 94 45 27 64 35 10 84 19 9 70 40 43 78 13 26 76 33 4 73 65 15 60 88 92 51 48 58 14 12 41 11 31 85 38 3 93 62 80 16 90 59 24 17 87 91 5 74 68 55 97 8 77 23 82 36 53 34 67 81 6 72 28 98 75 57 63 20 32 37 2 61 71 42 56 7 69 30 95 1 47 46 25 52 
29	1804	0 5 24 2 8 64 17 86 85 54 73 22 48 69 72 43 66 95 47 31 23 14 18 97 42 13 3 28 9 19 40 77 63 37 89 68 53 45 96 51 12 56 84 36 98 11 82 92 62 65 10 81 59 1 34 90 71 80 25 70 38 16 32 61 30 35 21 39 52 87 79 75 91 20 74 33 27 88 57 4 58 46 29 49 55 67 6 7 93 15 26 83 50 94 60 76 44 41 78 
30	1556	0 25 34 78 79 2 7 52 22 80 9 96 89 49 37 56 40 60 66 20 23 41 84 81 86 71 76 13 54 10 61 46 50 74 12 14 69 53 62 4 11 65 1 95 47 29 43 91 93 21 31 48 15 32 18 68 82 33 90 94 73 38 24 42 87 64 72 63 3 19 57 36 83 67 39 98 35 8 44 58 77 26 97 51 16 5 75 45 70 59 27 88 6 30 55 17 28 85 92 
31	1674	0 38 88 71 45 74 9 37 47 27 52 93 8 62 44 68 34 77 91 3 53 4 72 1 76 17 98 92 21 5 26 56 18 36 42 59 19 95 24 13 63 33 51 48 81 46 15 78 6 86 43 67 66 97 20 90 7 50 89 29 28 32 2 16 14 61 10 85 96 87 73 65 41 22 31 60 12 70 49 55 64 54 25 58 79 82 57 80 40 94 39 83 84 69 23 75 35 11 30 
32	1809	0 80 97 88 16 94 13 40 20 43 23 37 7 59 44 92 86 11 79 81 65 63 69 89 26 68 19 46 35 84 12 93 61 29 24 42 66 21 67 72 1 17 57 31 74 9 6 71 90 95 62 77 70 54 82 47 55 87 36 73 4 8 75 15 18 34 14 76 50 41 25 78 98 56 2 22 64 96 10 33 58 91 5 32 39 51 49 52 38 45 28 48 85 83 30 53 60 3 27 
33	1630	0 26 90 81 25 4 79 43 86 68 98 70 46 80 40 8 65 11 50 75 35 36 76 72 57 14 32 28 44 21 47 1 39 22 67 17 53 87 63 84 13 91 83 27 20 88 48 96 73 51 37 61 74 97 78 60 45 19 64 69 71 52 82 92 93 7 9 10 62 33 89 49 2 85 38 12 34 31 30 5 15 24 42 29 18 6 58 16 56 95 55 77 3 66 94 54 41 59 23 
34	1700	0 32 12 88 60 30 53 51 5 54 63 35 87 10 31 73 8 67 59 28 1 97 96 41 76 21 45 17 90 15 86 83 26 89 57 47 2 6 70 81 11 80 25 72 16 74 24 13 78 14 4 27 69 66 65 44 94 40 9 38 77 64 48 93 3 43 49 68 18 52 92 50 91 85 62 75 33 71 56 82 58 84 22 79 29 61 7 39 55 34 46 42 19 98 36 23 20 37 95 
35	1676	0 40 53 64 3 71 26 92 69 94 14 13 75 34 22 24 95 35 81 70 20 67 29 50 36 76 74 44 61 90 49 51 57 5 17 30 8 79 1 82 89 85 15 19 72 80 96 28 16 7 47 68 77 83 23 37 9 6 63 54 31 97 62 86 88 45 42 4 56 43 55 18 65 78 25 33 41 59 39 32 93 87 91 52 10 48 21 84 11 27 2 38 66 12 60 73 46 58 98 
36	1772	1 3 8 16 15 4 62 0 43 42 20 6 78 40 28 85 82 57 88 79 76 45 96 65 21 59 75 23 29 47 37 61 17 19 22 14 67 58 10 84 39 72 34 51 64 92 98 18 48 50 53 74 25 31 86 56 87 94 41 55 52 63 73 80 30 46 27 70 49 2 90 36 5 9 66 77 91 71 26 93 11 32 44 24 7 12 69 97 33 83 95 89 38 13 35 54 68 60 81 
37	1724	2 19 5 73 68 60 72 1 0 55 91 49 39 75 95 36 70 87 59 83 14 4 34 52 10 66 13 15 17 31 7 16 46 77 22 42 86 92 51 29 81 24 78 45 57 37 23 9 30 44 74 64 28 61 20 53 80 27 93 56 84 35 79 65 26 82 71 6 47 67 21 38 18 8 11 76 85 25 41 96 88 32 58 12 97 3 89 98 69 43 63 90 48 62 50 33 94 54 40 
38	1569	1 70 47 45 65 53 33 72 75 11 98 92 34 28 62 88 78 6 50 81 7 5 24 86 22 66 67 18 25 17 85 94 30 59 80 83 60 96 56 68 84 13 10 90 76 73 43 97 12 21 95 0 77 20 46 31 64 55 36 3 54 16 79 14 41 71 40 19 49 26 38 15 89 35 4 42 2 27 61 57 58 82 44 9 52 39 29 51 87 93 32 63 48 91 69 37 74 23 8 
39	1738	0 51 80 98 8 93 72 97 49 7 77 91 89 25 45 58 4 71 82 52 12 78 33 46 13 29 86 18 26 70 38 66 64 41 42 90 63 53 24 95 34 17 65 3 22 88 40 79 21 73 85 61 62 67 92 57 84 20 9 37 6 31 43 28 76 68 5 23 15 35 69 47 1 55 87 75 11 59 19 27 2 16 39 48 54 74 14 56 83 30 50 36 10 96 81 32 60 94 44 
40	1714	1 33 79 49 26 92 78 71 54 3 6 11 83 48 66 10 75 90 51 5 61 72 19 8 15 56 53 35 34 69 50 80 40 67 96 98 38 28 97 86 89 41 81 95 14 60 12 17 9 47 59 58 0 70 85 64 84 46 73 23 77 22 36 45 7 27 20 68 32 24 39 55 62 25 16 31 2 21 87 43 42 29 52 88 18 57 94 74 63 93 13 44 76 91 37 82 30 4 65 
41	1479	0 77 13 46 15 9 90 31 17 49 62 43 53 63 98 12 47 80 82 73 39 6 40 2 66 91 19 22 83 32 36 34 33 55 60 97 56 50 72 42 67 38 35 87 58 68 51 65 44 37 76 3 95 69 41 21 14 52 20 4 10 61 23 26 28 8 81 29 18 96 16 48 74 84 30 70 24 7 75 93 11 79 59 54 71 85 25 45 27 5 92 89 64 88 57 94 86 78 1 
42	1614	0 97 93 51 15 52 53 16 87 27 28 62 67 24 78 20 50 98 82 13 39 90 35 2 64 5 18 80 71 45 14 58 32 69 36 47 76 12 8 31 41 7 63 43 22 37 66 81 11 96 34 30 89 74 10 21 86 4 17 42 72 1 60 84 44 79 33 23 88 29 70 59 77 61 54 85 75 26 48 19 38 91 55 73 65 3 57 9 46 25 68 94 92 95 6 56 49 40 83 
43	1534	0 63 26 3 75 13 80 14 27 33 92 64 18 69 17 89 59 70 42 28 5 76 85 41 30 71 16 58 51 77 1 66 78 23 20 49 91 44 88 21 52 83 86 55 11 8 81 57 56 34 4 54 96 73 50 95 15 60 12 48 35 40 98 90 22 62 37 45 72 10 53 93 94 74 36 61 24 29 9 7 43 2 65 68 47 82 87 6 38 39 31 25 79 97 67 84 46 32 19 
44	1508	0 64 35 20 82 67 90 73 72 85 94 2 93 89 28 95 49 60 41 68 77 4 31 91 74 11 80 9 29 44 70 23 27 33 7 34 12 15 48 24 25 13 42 96 81 50 76 78 19 62 30 88 14 52 32 47 16 5 37 69 55 65 98 58 87 92 17 59 84 18 40 6 38 45 75 79 51 66 53 22 46 63 36 71 61 39 54 3 57 1 83 43 56 86 10 97 8 21 26 
45	1693	0 92 73 25 29 30 76 81 19 74 67 85 21 82 62 68 75 94 87 90 77 78 33 31 98 65 66 93 13 22 37 63 9 1 34 95 44 59 86 41 32 56 36 51 15 28 38 6 83 88 79 80 46 69 71 35 10 40 14 61 91 64 45 97 7 11 24 53 16 47 48 12 96 27 50 17 43 72 60 3 55 52 8 39 49 4 5 18 54 26 57 2 20 70 89 58 23 84 42 
46	1959	3 54 92 83 85 91 34 96 19 9 43 12 31 70 47 21 82 17 11 80 78 39 4 61 42 38 35 63 64 94 40 97 48 28 22 27 60 72 18 88 14 5 65 62 71 30 10 81 98 95 41 86 49 7 26 8 75 73 44 90 68 0 13 66 25 53 2 45 59 74 46 16 77 1 23 51 69 37 15 57 29 89 56 6 67 79 52 55 84 93 58 32 87 50 20 24 33 76 36 
47	1758	1 67 63 29 75 89 94 7 77 6 52 81 32 71 21 97 82 28 30 80 66 44 18 70 79 92 78 59 13 15 37 19 22 50 3 98 57 58 87 76 5 86 11 12 69 39 48 38 17 42 35 68 45 84 26 91 24 8 23 51 0 64 56 2 60 10 55 88 36 73 41 4 20 85 40 96 95 72 43 62 49 83 46 34 47 61 27 25 16 53 54 9 14 74 33 90 65 31 93 
48	1565	0 71 64 12 81 41 87 43 19 63 77 91 84 14 21 56 9 86 18 89 31 50 69 80 58 72 17 54 35 33 39 20 67 16 4 59 52 95 38 75 82 47 90 11 6 29 66 10 28 65 78 70 96 42 98 24 2 36 76 49 37 60 46 26 34 23 15 92 94 74 40 53 27 93 55 61 3 83 25 44 32 5 97 7 30 73 85 51 8 57 79 1 88 48 45 22 13 62 68 
49	1803	0 87 71 38 95 29 77 69 26 48 35 31 15 36 9 32 27 62 56 65 89 24 53 16 80 20 82 6 67 25 23 54 84 55 88 43 14 49 57 50 33 5 42 61 10 91 75 73 12 64 45 17 51 92 19 68 21 58 40 63 2 97 44 1 22 59 3 66 74 79 52 98 85 90 34 86 28 70 46 37 39 30 4 41 8 93 47 18 11 94 76 7 72 13 60 96 78 83 81 
50	1820	6 69 8 31 95 16 34 15 78 68 43 38 76 82 32 50 86 75 39 19 97 30 61 29 91 85 90 35 44 27 33 72 18 94 65 96 51 23 59 42 63 47 20 3 25 52 11 5 66 98 64 54 74 93 60 1 80 79 14 4 77 9 12 81 70 48 10 87 71 53 41 2 62 36 49 45 7 58 88 24 84 17 37 55 92 57 0 89 83 67 13 40 46 21 22 73 26 56 28 
51	1692	0 89 81 88 68 75 28 29 13 53 98 36 71 2 72 4 56 63 37 50 5 44 27 78 34 20 23 84 70 94 79 38 86 19 48 93 46 45 32 8 66 69 21 82 61 62 97 49 77 52 41 26 55 18 65 90 47 73 17 12 31 35 60 80 42 76 95 1 54 67 24 25 14 51 7 58 11 16 59 92 85 30 40 43 33 3 96 91 74 64 15 83 10 9 39 22 6 57 87 
52	1569	0 66 83 67 81 39 7 80 91 60 57 36 12 23 88 5 31 92 6 14 95 86 70 9 44 77 21 10 49 53 79 73 78 38 3 50 68 4 35 17 43 63 90 94 29 55 96 84 8 26 15 74 59 25 52 37 51 34 85 58 32 28 76 42 65 24 62 47 87 40 11 69 61 20 75 54 22 46 1 97 18 48 45 16 82 2 64 93 89 41 19 98 56 33 13 27 71 30 72 
53	1888	0 28 40 76 97 14 17 79 61 15 5 44 98 70 11 7 90 59 51 31 96 50 72 57 24 46 93 36 67 43 19 42 73 63 13 2 64 86 92 89 27 81 74 34 37 29 60 48 22 78 88 68 80 85 65 54 94 38 4 35 58 30 3 41 87 8 25 56 62 53 18 91 55 52 66 77 21 9 10 1 75 45 20 71 82 33 49 83 84 6 32 23 16 69 12 95 39 26 47 
54	1585	0 86 91 92 23 21 64 60 55 70 67 5 11 73 77 15 62 51 24 29 66 20 85 63 38 54 19 18 2 3 28 50 58 32 8 35 42 41 83 79 31 1 65 13 45 47 57 89 7 56 69 48 12 95 97 36 26 84 25 17 6 4 44 88 39 43 49 37 72 10 96 82 46 33 75 14 93 52 80 22 9 90 74 81 94 78 30 61 98 16 76 71 53 34 40 27 68 59 87 
55	1858	0 12 96 26 71 8 74 60 94 82 43 36 22 16 97 6 65 59 83 77 21 19 7 9 63 18 27 30 17 32 61 87 34 13 15 69 1 72 25 38 5 53 33 64 92 56 73 20 40 91 84 81 45 35 28 93 46 52 49 47 85 42 79 90 39 95 54 3 55 51 23 89 57 50 31 41 58 98 62 24 66 70 4 68 2 10 11 75 14 37 29 76 78 48 67 80 44 88 86 
56	1844	0 15 17 83 13 65 38 40 45 90 91 57 95 21 26 82 74 63 14 97 81 73 68 11 47 44 92 10 79 50 34 46 41 42 54 59 31 61 72 5 49 8 84 1 53 93 22 37 30 35 77 12 7 6 88 89 80 69 52 71 3 66 23 76 4 75 78 87 67 56 70 2 24 19 28 43 33 25 60 18 51 48 20 64 27 62 36 96 58 29 55 85 9 98 94 32 39 16 86 
57	1896	2 62 48 35 87 26 77 8 74 71 84 3 23 43 57 32 79 61 22 36 25 29 73 91 16 96 42 66 63 75 72 90 37 21 95 88 24 69 76 49 12 78 65 81 1 83 39 60 46 10 55 80 58 97 68 4 19 14 85 70 15 31 13 7 0 27 54 50 64 53 41 28 6 40 45 56 20 11 94 30 38 93 92 18 9 82 89 44 33 17 5 51 67 34 59 98 47 52 86 
58	1500	0 22 92 11 88 73 27 97 62 86 60 46 72 75 81 47 89 95 53 9 20 61 54 67 56 82 96 69 16 14 59 80 21 34 78 79 52 74 85 44 77 19 93 94 43 36 25 58 5 55 8 18 51 66 98 31 68 26 42 28 83 30 7 40 48 10 41 24 35 64 33 49 91 23 2 37 76 32 13 63 39 12 3 29 70 45 38 87 84 90 50 6 57 71 17 4 65 1 15 
59	1593	2 14 30 59 52 51 45 50 31 58 61 39 38 93 43 65 1 15 80 46 92 6 94 78 33 41 47 84 72 88 76 44 95 64 25 56 48 73 81 85 82 53 29 91 12 19 36 37 97 55 22 9 86 11 7 54 0 68 34 77 69 90 66 40 28 60 8 62 23 96 67 57 49 18 79 5 20 21 17 89 10 63 71 13 83 74 42 32 27 70 16 87 4 75 35 24 98 3 26 
60	1582	0 53 5 77 81 67 27 6 17 98 55 89 52 82 66 15 96 34 88 14 69 93 47 85 43 68 97 92 31 24 61 70 78 76 1 60 87 13 18 9 90 11 86 26 51 62 35 50 83 32 73 16 23 95 54 80 7 2 91 12 94 63 64 45 57 72 19 74 56 38 25 10 20 46 28 44 41 79 8 29 42 49 4 65 36 39 58 71 48 59 40 21 75 84 30 3 37 33 22 
61	1561	0 28 85 18 44 78 72 52 62 81 98 83 63 82 54 80 13 9 70 93 46 66 91 10 77 12 22 73 71 33 92 17 59 97 53 39 19 88 79 6 61 27 20 84 2 48 35 34 50 76 49 16 43 96 86 47 5 57 21 25 56 15 32 69 37 42 89 24 95 51 8 36 4 40 26 55 68 90 58 75 3 74 7 1 23 94 38 67 29 64 45 14 41 87 65 11 30 60 31 
62	1846	0 71 59 77 30 6 15 67 50 14 31 47 3 8 22 52 88 39 69 37 87 79 29 34 65 28 74 82 56 13 41 25 12 80 97 26 76 45 62 98 49 54 60 1 85 33 36 72 24 10 90 89 84 78 17 94 21 73 53 9 70 40 19 57 18 55 66 92 75 2 32 93 81 4 11 86 48 64 23 61 44 91 68 5 43 63 7 27 58 95 96 35 51 20 46 38 42 83 16 
63	1741	1 58 85 40 98 42 74 39 24 23 43 6 15 34 61 72 5 80 29 2 32 49 25 55 93 48 37 54 92 38 41 8 90 13 73 4 28 9 51 65 21 50 36 10 0 14 68 75 56 81 33 70 20 82 52 11 53 86 83 47 94 97 7 19 35 30 96 91 27 71 45 17 95 67 12 77 63 3 16 76 22 88 69 26 78 59 89 87 57 31 44 84 66 60 64 79 46 18 62 
64	1791	1 25 93 31 95 74 15 66 82 17 24 52 35 14 94 44 32 85 63 67 18 43 96 64 57 59 9 12 33 2 71 41 0 53 80 55 50 10 27 54 98 16 91 86 77 46 89 79 87 84 90 73 51 61 76 34 3 92 72 26 62 39 83 21 81 97 42 60 65 7 11 36 23 69 37 70 40 75 48 58 5 20 30 8 47 68 28 22 29 88 56 6 13 49 45 38 19 4 78 
65	1671	0 23 51 6 48 11 17 59 66 36 25 85 97 75 2 14 77 96 46 44 87 34 50 28 62 78 76 57 39 64 53 47 8 60 3 61 20 18 68 69 98 54 38 92 93 15 74 9 27 86 4 32 89 10 33 82 45 24 83 73 21 81 80 91 42 7 95 72 84 70 79 56 30 43 35 12 19 22 58 94 88 71 31 41 29 37 55 40 65 52 26 1 16 90 67 63 49 13 5 
66	1660	0 25 62 18 5 22 13 32 91 78 83 93 23 20 2 76 47 48 56 89 54 86 29 36 1 10 73 11 28 34 63 44 92 19 98 66 81 26 88 60 14 67 71 42 8 70 85 41 30 6 59 50 65 7 4 96 84 45 69 46 68 17 80 61 31 58 82 79 77 94 95 40 64 49 75 39 27 74 52 3 87 12 90 35 97 57 15 53 51 9 55 38 43 33 21 24 16 72 37 
67	1796	0 28 16 89 47 70 61 43 86 27 31 10 80 11 50 78 12 98 5 60 94 57 69 49 73 92 63 1 38 58 67 29 52 75 2 34 46 33 7 87 53 18 97 88 44 96 64 24 95 3 74 48 14 19 85 15 41 51 90 54 84 17 8 9 20 32 82 40 91 79 56 42 45 77 23 25 68 4 55 71 72 62 39 93 21 83 36 26 13 59 37 22 6 81 76 30 65 66 35 
68	1805	1 91 67 20 8 3 73 85 47 98 56 72 40 22 93 84 71 76 58 27 64 42 95 90 62 66 51 63 29 33 17 43 19 21 18 89 28 48 86 31 78 50 14 23 57 59 38 36 60 96 39 55 75 26 61 97 53 80 41 69 7 0 12 52 54 87 4 15 10 25 74 77 35 16 2 24 94 32 49 70 82 88 45 30 81 68 5 9 83 65 11 13 34 79 92 6 37 46 44 
69	2093	1 74 78 49 72 93 29 43 59 87 40 96 12 30 48 34 13 10 3 95 54 88 85 16 90 46 25 39 62 14 77 4 91 61 86 20 22 50 11 80 75 73 69 45 52 71 57 97 58 64 94 84 47 5 63 9 82 2 27 51 89 60 21 38 98 19 68 65 66 42 36 31 26 28 76 79 7 92 44 70 0 55 15 17 81 6 18 41 67 56 37 83 24 33 35 23 53 8 32 
70	1718	4 81 80 46 45 5 95 50 28 90 67 98 75 30 96 74 38 70 78 44 37 52 49 83 16 10 9 21 23 77 3 57 63 72 43 89 56 14 73 31 86 97 19 15 54 94 22 6 42 7 59 93 8 39 66 35 62 0 18 68 88 53 87 2 20 51 24 33 32 61 13 26 36 11 82 65 69 40 17 79 41 71 48 27 29 58 60 55 47 12 76 1 34 91 84 25 85 92 64 
71	1780	1 2 96 52 91 35 63 57 3 82 61 4 7 60 14 92 51 73 19 12 65 5 48 41 18 10 16 78 95 33 26 6 24 44 47 93 86 40 50 67 66 94 68 34 15 70 72 98 23 77 53 90 64 89 75 88 84 97 45 8 42 58 21 25 0 20 85 55 36 71 28 74 83 39 43 37 13 79 69 54 76 62 38 32 17 59 80 56 27 31 49 87 29 9 81 30 11 46 22 
72	1943	0 88 7 70 62 36 47 92 39 83 76 79 77 60 23 57 9 86 44 82 84 96 93 94 55 97 24 26 85 21 29 74 12 4 73 42 43 52 80 49 25 6 27 11 16 53 5 18 40 63 89 58 68 95 34 22 65 15 2 13 90 30 32 41 28 19 81 61 72 98 67 78 64 69 8 48 75 59 14 31 50 37 33 38 45 54 56 87 35 10 17 3 71 20 66 46 1 91 51 
73	1519	0 34 75 9 7 97 72 58 86 8 48 40 50 91 83 93 51 17 33 23 37 52 15 13 35 46 90 45 1 2 12 47 78 70 27 69 95 20 57 6 26 39 68 98 60 25 3 80 94 31 5 61 84 76 73 36 4 42 85 38 53 24 54 55 65 32 71 92 81 63 96 10 87 21 49 30 88 19 11 56 28 16 41 74 22 82 89 66 67 14 77 59 29 79 43 64 62 18 44 
74	1697	3 93 71 92 29 69 60 2 21 91 84 97 65 20 33 22 63 42 59 41 47 64 11 16 1 37 86 70 44 96 45 27 66 77 38 7 9 13 4 95 43 76 24 57 54 5 82 80 36 17 32 31 68 79 48 56 78 6 19 39 35 14 50 30 90 94 12 46 15 55 85 74 81 87 75 28 26 61 0 51 40 62 18 53 83 10 58 25 52 73 88 8 98 23 72 67 34 89 49 
75	1667	0 17 28 36 14 53 88 39 33 86 61 55 98 63 42 59 6 73 16 8 45 72 78 21 82 25 71 22 54 60 93 87 2 10 80 29 44 11 94 66 13 47 75 41 85 32 1 31 48 65 26 52 95 5 96 7 56 89 40 68 20 64 79 34 67 50 92 81 57 37 46 18 4 83 84 19 30 43 27 9 3 70 74 76 69 23 35 38 58 15 91 51 62 77 12 24 90 49 97 
76	1737	0 90 64 55 89 92 28 59 22 56 44 27 12 26 81 87 57 69 32 39 9 7 97 18 79 60 19 2 48 70 78 1 11 52 10 35 65 50 4 21 25 36 5 74 33 30 95 96 93 84 31 24 38 91 75 29 23 58 73 43 34 13 66 16 3 72 42 20 54 62 45 98 71 47 80 67 88 17 85 37 14 41 6 77 40 82 46 86 15 68 76 49 53 51 63 94 83 8 61 
77	1734	0 44 35 51 81 42 53 1 48 75 3 24 18 12 32 67 14 54 98 28 22 49 52 66 10 62 68 87 46 90 16 89 63 96 26 25 57 86 71 21 84 30 59 2 47 39 50 77 23 65 38 9 82 56 6 69 5 15 27 34 61 29 64 80 78 37 7 95 74 73 41 60 45 79 19 97 88 43 85 76 94 4 93 55 58 72 13 40 36 83 91 92 17 31 11 20 33 8 70 
78	1631	0 17 37 52 24 25 39 64 73 43 46 8 45 77 35 19 75 60 85 62 7 96 34 32 18 53 42 5 88 95 70 54 71 10 79 61 78 4 38 72 30 36 81 21 56 69 86 27 23 12 57 83 2 82 9 28 98 65 41 16 13 84 15 55 93 94 58 80 22 89 6 40 87 26 50 66 20 90 3 59 47 31 76 97 68 44 48 67 63 92 49 91 14 1 74 51 29 11 33 
79	1656	0 56 95 70 84 3 65 88 18 34 53 20 63 77 61 11 24 28 68 60 51 13 39 10 35 97 69 96 81 75 45 38 82 8 47 26 46 92 67 52 90 78 50 32 85 48 42 17 33 1 57 5 83 71 80 76 64 21 37 16 98 31 27 89 23 29 49 36 87 25 74 66 91 30 86 94 9 15 22 59 58 4 55 62 93 72 14 73 43 44 54 7 6 2 41 79 19 12 40 
80	1663	0 16 42 43 95 33 9 20 1 82 88 96 38 36 49 67 15 4 93 61 90 74 71 45 40 13 7 29 54 2 53 58 19 11 72 62 98 80 12 52 47 77 83 5 24 57 69 79 28 46 50 75 94 87 18 35 78 85 23 3 48 32 51 97 30 44 26 73 8 34 64 39 59 27 14 68 37 21 81 31 84 22 56 41 6 65 89 86 66 91 70 55 60 17 10 76 63 25 92 
81	1665	0 31 14 87 6 98 37 55 42 17 27 88 35 1 90 57 12 34 4 2 97 74 40 8 84 59 80 82 89 79 54 21 16 94 60 96 48 18 91 78 51 81 25 47 22 66 73 50 67 29 64 76 83 53 52 93 49 72 13 68 24 75 11 9 39 69 61 28 62 95 33 43 19 56 77 30 41 15 5 3 36 70 44 23 65 71 86 45 85 63 10 7 26 92 32 38 58 20 46 
82	1685	0 51 56 70 84 66 71 54 49 55 91 32 52 17 68 27 81 41 46 48 29 28 43 39 47 63 73 35 89 13 22 58 86 25 14 11 33 45 75 19 4 1 3 38 98 62 12 74 83 92 80 95 53 34 23 94 42 59 65 6 90 16 76 10 20 18 96 7 30 72 5 88 85 60 50 69 77 37 24 2 31 26 36 93 82 97 78 15 21 67 64 8 79 44 40 87 9 57 61 
83	1542	4 30 47 26 24 13 82 80 32 17 68 83 29 65 93 50 40 75 34 96 2 59 72 66 53 57 94 22 49 88 90 78 81 95 9 27 5 70 48 60 14 97 39 33 92 23 67 77 62 45 98 84 18 43 15 51 7 20 21 89 38 11 6 28 1 63 76 58 85 46 8 74 16 79 35 86 52 71 42 10 61 0 41 36 69 37 64 44 55 87 3 56 12 31 91 25 19 73 54 
84	1723	0 75 37 3 34 76 61 63 43 28 92 2 29 62 91 33 65 22 90 14 78 79 5 49 74 15 26 19 23 38 51 97 73 96 30 67 9 4 53 70 27 17 50 85 31 45 71 83 11 24 10 6 21 13 84 64 41 25 57 72 1 36 8 40 98 60 47 52 89 55 32 68 80 86 77 46 12 18 7 95 20 39 81 54 94 56 87 93 69 58 88 82 44 35 48 42 16 66 59 
85	1730	0 48 4 73 31 85 9 66 79 34 19 8 45 47 86 2 61 72 70 87 21 50 49 41 69 97 88 37 32 59 71 1 26 38 24 29 62 84 14 39 11 81 65 78 20 82 22 12 93 25 51 46 92 83 77 80 63 67 64 74 53 57 15 10 35 94 89 30 60 3 40 13 7 98 36 95 23 54 56 33 76 16 43 28 6 96 75 90 58 91 44 18 5 52 42 55 68 17 27 
86	1535	0 17 72 66 14 59 33 91 76 79 10 65 90 81 73 75 3 58 97 5 89 26 15 68 54 8 62 45 9 42 35 34 23 98 47 24 95 87 57 38 28 83 55 84 61 37 13 43 82 1 51 20 18 40 32 60 93 30 36 6 77 69 67 88 11 53 64 56 21 44 94 50 29 7 16 49 78 92 71 25 39 85 41 2 22 96 27 46 86 80 31 74 12 4 63 19 52 70 48 
87	1520	1 92 26 73 59 83 5 19 10 66 84 48 40 12 68 47 82 42 20 34 60 62 70 71 13 97 32 9 96 72 8 23 11 61 28 88 52 6 17 51 22 98 54 38 85 0 36 3 15 95 4 46 31 79 39 86 49 57 53 27 37 29 77 80 45 44 78 67 87 30 14 24 69 21 76 43 7 89 50 35 65 91 56 81 90 16 93 2 18 55 58 41 74 64 75 63 94 33 25 
88	1833	1 58 12 87 85 50 13 34 22 18 86 21 2 37 3 60 74 38 42 79 49 52 61 94 48 14 31 33 66 64 36 70 62 40 89 84 47 97 46 23 83 78 63 88 90 67 11 73 27 9 45 35 68 7 5 10 96 26 54 65 28 56 39 0 72 95 77 93 4 71 32 8 16 44 59 92 53 76 81 69 17 24 30 75 15 41 43 80 57 55 19 25 82 98 51 29 20 91 6 
89	1528	0 66 55 11 76 27 87 9 32 70 3 4 85 10 6 51 65 17 5 18 39 91 37 69 1 22 28 68 61 77 83 58 64 42 94 47 88 13 44 62 26 74 24 36 29 46 81 35 63 95 67 25 73 71 20 8 50 80 31 78 2 92 59 30 49 57 16 43 21 54 41 33 72 15 97 60 23 53 96 82 7 86 40 14 45 98 52 19 79 34 89 90 38 75 56 84 48 12 93 
90	1803	0 76 28 94 80 2 84 30 27 92 58 8 39 42 10 53 3 19 49 17 61 1 44 35 34 29 48 66 98 56 83 43 57 65 63 11 4 23 45 75 79 18 60 25 6 86 85 24 32 50 33 69 9 41 37 71 12 68 91 73 96 70 90 77 95 13 20 72 88 46 67 87 31 5 15 22 74 38 59 78 26 97 93 81 82 52 54 62 51 55 7 47 36 16 64 40 21 14 89 
91	1749	2 70 92 74 91 16 19 11 17 33 93 87 3 48 46 34 5 96 7 75 69 76 72 85 65 50 45 68 83 14 37 51 55 29 12 39 66 71 27 82 22 13 77 35 1 95 53 0 56 38 59 61 84 26 18 57 25 43 23 89 24 47 42 79 73 64 28 4 94 9 41 78 88 31 98 8 62 44 86 6 52 20 81 80 40 63 67 32 15 90 10 36 49 54 21 97 58 30 60 
92	1945	0 39 34 89 93 33 80 96 24 20 62 15 73 58 67 42 74 78 27 84 75 12 1 87 65 2 45 3 56 10 35 47 31 18 25 51 54 61 37 44 32 5 66 19 79 97 29 88 22 91 98 64 23 86 90 57 41 36 50 60 92 9 14 38 8 59 72 43 4 82 11 55 81 7 17 48 95 28 53 85 30 69 83 49 68 26 94 46 71 77 13 70 63 6 40 52 21 16 76 
93	1712	1 2 14 21 7 41 68 78 5 73 72 90 50 57 88 34 69 75 52 83 43 67 91 49 32 80 20 56 16 6 64 25 70 95 94 62 39 59 13 51 22 96 61 15 60 44 8 84 3 27 63 38 45 29 97 11 65 53 71 12 24 55 58 47 9 79 18 86 37 17 46 74 36 92 26 66 85 93 28 42 54 77 81 98 4 89 31 23 76 40 48 33 19 10 87 0 30 35 82 
94	1666	3 85 55 81 74 80 23 38 35 0 64 10 59 68 95 11 29 41 12 30 40 34 16 17 20 4 94 67 2 7 22 71 65 25 87 31 26 1 77 92 84 83 53 19 56 79 32 36 86 42 58 45 52 57 61 27 90 93 6 49 46 50 9 70 96 33 63 51 75 44 54 13 14 28 98 73 72 66 8 37 24 48 78 39 43 91 5 82 21 69 89 18 47 88 15 60 76 62 97 
95	1814	0 6 21 47 39 9 81 34 61 83 72 50 71 95 90 91 68 17 86 23 56 55 85 19 31 92 78 52 43 4 62 74 53 15 66 32 3 77 48 27 57 82 10 96 63 35 73 30 80 76 25 87 59 7 93 20 46 94 54 13 26 37 38 44 65 14 5 16 79 70 22 88 69 58 45 33 11 18 41 84 12 67 36 29 75 8 24 1 42 2 49 40 28 60 89 98 51 64 97 
96	2029	0 22 52 10 41 53 13 81 25 33 47 56 82 37 43 17 84 8 9 28 46 1 39 51 73 21 23 86 63 32 94 24 71 64 12 20 14 66 45 49 5 7 55 40 68 31 97 62 3 30 16 34 96 77 54 57 83 72 18 6 60 65 92 29 11 76 85 59 75 87 98 19 89 74 67 36 69 91 15 2 95 80 26 61 79 4 90 27 42 93 44 78 35 50 88 38 48 58 70 
97	1327	0 31 69 79 96 64 82 5 26 53 11 70 95 16 67 61 88 24 86 47 46 22 91 40 59 84 62 21 71 73 74 49 1 52 85 48 29 15 90 17 12 81 65 25 27 20 42 50 55 76 32 94 78 8 2 89 10 80 35 36 93 28 30 44 56 33 4 83 7 75 63 6 77 87 60 98 45 37 54 13 41 38 23 19 34 68 18 72 97 51 92 57 14 9 3 58 66 39 43 
98	1597	0 26 43 68 66 58 74 28 56 59 11 57 79 50 45 71 95 80 25 41 40 94 3 90 29 77 89 84 27 22 63 31 83 8 54 19 48 1 87 64 38 98 85 30 21 81 33 93 12 49 53 36 52 37 65 34 10 73 23 70 13 67 39 61 15 78 16 14 5 51 97 92 4 2 46 96 88 75 6 32 72 69 42 18 17 86 24 35 20 62 82 47 91 44 9 60 55 7 76 
99	1369	2 40 47 59 44 25 27 14 82 21 73 77 57 9 76 97 36 37 28 91 13 98 1 87 75 71 3 12 11 64 17 66 15 84 83 16 80 72 19 93 54 50 26 58 33 55 10 65 90 46 0 5 23 6 61 53 88 32 70 69 41 42 43 7 74 29 31 60 22 81 78 45 4 34 52 20 86 24 30 96 39 56 79 51 38 85 18 68 63 8 67 94 49 95 35 89 92 62 48 
